[[1]]
Global model call: lmer(formula = layer_div ~ rich_std + hegyi_std + diam_cov_std + 
    ba_std + (1 | plot_id), data = subplot_dat, REML = FALSE, 
    na.action = "na.fail")
---
Model selection table 
   (Int) ba_std dim_cov_std hgy_std rch_std df logLik   AICc delta weight
10 14.02  2.883                      0.6699  5 -462.9  936.2  0.00  0.257
14 13.98  2.653              0.4757  0.5311  6 -462.3  937.1  0.95  0.160
6  13.98  2.614              0.7009          5 -463.4  937.1  0.99  0.157
12 14.03  2.780      0.2056          0.6444  6 -462.7  937.9  1.75  0.107
2  14.06  2.985                              4 -464.9  938.0  1.81  0.104
8  13.99  2.422      0.3300  0.7399          6 -462.9  938.3  2.09  0.090
16 13.98  2.498      0.2614  0.5258  0.4844  7 -462.0  938.6  2.49  0.074
4  14.07  2.841      0.2760                  5 -464.5  939.4  3.21  0.052
7  13.94             1.2220  2.1360          5 -478.7  967.7 31.54  0.000
15 13.94             1.2040  2.0710  0.1868  6 -478.6  969.6 33.46  0.000
5  13.88                     2.4650          4 -485.7  979.7 43.50  0.000
13 13.88                     2.3270  0.3751  5 -485.3  981.0 44.79  0.000
11 14.17             1.4880          0.9010  5 -491.0  992.3 56.19  0.000
3  14.24             1.6390                  4 -493.6  995.4 59.20  0.000
9  14.13                             1.2620  4 -500.0 1008.2 72.07  0.000
1  14.22                                     3 -504.6 1015.3 79.15  0.000
Models ranked by AICc(x) 
Random terms (all models): 
‘1 | plot_id’

[[2]]
Global model call: lmer(formula = auc_canopy ~ rich_std + hegyi_std + diam_cov_std + 
    ba_std + (1 | plot_id), data = subplot_dat, REML = FALSE, 
    na.action = "na.fail")
---
Model selection table 
   (Int) ba_std dim_cov_std hgy_std rch_std df logLik AICc delta weight
6  25630   6707                2956          5  -1833 3676  0.00  0.266
14 25620   6771                2305  1555.0  6  -1832 3677  0.46  0.211
10 25840   7852                      2187.0  5  -1833 3677  0.73  0.184
8  25640   6593      193.40    2983          6  -1833 3679  2.12  0.092
2  25960   8242                              4  -1835 3679  2.36  0.082
16 25620   6795      -41.16    2296  1563.0  7  -1832 3679  2.63  0.071
12 25820   8007     -317.50          2229.0  6  -1833 3679  2.80  0.065
4  25960   8273      -59.81                  5  -1835 3681  4.48  0.028
7  25490            2775.00    6858          5  -1844 3698 21.57  0.000
15 25480            2688.00    6591   762.9  6  -1844 3700 23.35  0.000
5  25350                       7534          4  -1847 3702 26.06  0.000
13 25330                       7083  1200.0  5  -1847 3704 27.32  0.000
11 26250            3478.00          2848.0  5  -1855 3721 44.77  0.000
3  26480            4050.00                  4  -1858 3724 47.84  0.000
9  26150                             3759.0  4  -1860 3728 51.79  0.000
1  26410                                     3  -1864 3735 58.26  0.000
Models ranked by AICc(x) 
Random terms (all models): 
‘1 | plot_id’

[[3]]
Global model call: lmer(formula = dens_peak_height ~ rich_std + hegyi_std + diam_cov_std + 
    ba_std + (1 | plot_id), data = subplot_dat, REML = FALSE, 
    na.action = "na.fail")
---
Model selection table 
   (Int) ba_std dim_cov_std  hgy_std rch_std df logLik  AICc delta weight
2  7.524 0.6007                               4 -440.1 888.5  0.00  0.217
10 7.554 0.6533                      -0.3467  5 -439.3 888.9  0.42  0.177
6  7.553 0.7162             -0.23620          5 -439.9 890.2  1.71  0.093
12 7.565 0.5448      0.2475          -0.3983  6 -438.9 890.4  1.86  0.086
4  7.527 0.5319      0.1458                   5 -440.0 890.4  1.87  0.086
14 7.562 0.6884             -0.07745 -0.3267  6 -439.3 891.0  2.53  0.061
3  7.554             0.4015                   4 -441.7 891.7  3.20  0.044
11 7.591             0.5032          -0.3848  5 -440.7 891.9  3.36  0.040
1  7.553                                      3 -443.0 892.1  3.55  0.037
8  7.554 0.6475      0.1325 -0.22340          6 -439.8 892.1  3.64  0.035
16 7.567 0.5556      0.2447 -0.02114 -0.3923  7 -438.9 892.5  4.03  0.029
15 7.550             0.4663  0.34310 -0.4869  6 -440.2 892.9  4.40  0.024
9  7.576                             -0.2459  4 -442.5 893.3  4.82  0.020
5  7.515                     0.25720          4 -442.6 893.4  4.93  0.019
7  7.530             0.3712  0.16000          5 -441.6 893.5  5.05  0.017
13 7.528                     0.41860 -0.3851  5 -441.7 893.8  5.28  0.015
Models ranked by AICc(x) 
Random terms (all models): 
‘1 | plot_id’

[[4]]
Global model call: lmer(formula = height_q99 ~ rich_std + hegyi_std + diam_cov_std + 
    ba_std + (1 | plot_id), data = subplot_dat, REML = FALSE, 
    na.action = "na.fail")
---
Model selection table 
   (Int) ba_std dim_cov_std hgy_std  rch_std df logLik  AICc delta weight
2  12.96  1.267                               4 -442.9 894.0  0.00  0.282
6  13.01  1.493             -0.4420           5 -442.2 894.7  0.66  0.202
4  12.97  1.133      0.2735                   5 -442.5 895.3  1.25  0.151
10 12.96  1.280                     -0.11580  5 -442.8 896.0  1.98  0.105
8  13.01  1.360      0.2435 -0.4152           6 -441.8 896.2  2.12  0.098
14 13.01  1.495             -0.4493  0.01665  6 -442.2 896.8  2.81  0.069
12 12.98  1.141      0.2915         -0.15240  6 -442.3 897.2  3.14  0.059
16 13.01  1.354      0.2480 -0.4019 -0.02909  7 -441.8 898.3  4.29  0.033
3  13.02             0.7994                   4 -449.3 906.9 12.89  0.000
7  12.97             0.7341  0.3569           5 -448.7 907.8 13.74  0.000
11 13.03             0.8122         -0.08431  5 -449.3 909.0 14.94  0.000
15 12.98             0.7541  0.4375 -0.23230  6 -448.5 909.4 15.40  0.000
5  12.94                     0.5431           4 -452.3 912.9 18.83  0.000
1  13.01                                      3 -453.8 913.7 19.70  0.000
13 12.94                     0.5922 -0.13380  5 -452.2 914.8 20.79  0.000
9  13.01                             0.08801  4 -453.8 915.8 21.72  0.000
Models ranked by AICc(x) 
Random terms (all models): 
‘1 | plot_id’

[[5]]
Global model call: lmer(formula = cum_lm_se ~ rich_std + hegyi_std + diam_cov_std + 
    ba_std + (1 | plot_id), data = subplot_dat, REML = FALSE, 
    na.action = "na.fail")
---
Model selection table 
   (Int) ba_std dim_cov_std hgy_std rch_std df logLik AICc delta weight
2  55780   6984                              4  -2022 4052  0.00  0.150
4  55560   9481     -4993.0                  5  -2021 4052  0.03  0.148
5  55040                       7904          4  -2022 4052  0.47  0.119
6  55240   4644                4656          5  -2021 4052  0.94  0.094
12 55320   9078     -5509.0            3569  6  -2020 4052  1.04  0.089
8  55120   7279     -4633.0    3989          6  -2020 4053  1.30  0.078
10 55600   6489                        2723  5  -2021 4053  1.42  0.074
7  54950            -1714.0    8319          5  -2022 4054  2.28  0.048
13 55010                       7283    1553  5  -2022 4054  2.39  0.045
14 55220   4710                3900    1747  6  -2021 4054  2.83  0.037
16 55070   7670     -5151.0    2710    2810  7  -2020 4054  2.86  0.036
1  56160                                     3  -2024 4055  3.51  0.026
9  55860                               4039  4  -2024 4056  4.05  0.020
15 54900            -1968.0    7620    1913  6  -2022 4056  4.14  0.019
3  56160             -174.3                  4  -2024 4057  5.61  0.009
11 55830            -1088.0            4322  5  -2024 4058  6.05  0.007
Models ranked by AICc(x) 
Random terms (all models): 
‘1 | plot_id’

[[6]]
Global model call: lmer(formula = cover ~ rich_std + hegyi_std + diam_cov_std + 
    ba_std + (1 | site) + (1 | site:plot_id), data = subplot_dat, 
    REML = FALSE, na.action = "na.fail")
---
Model selection table 
    (Int)  ba_std dim_cov_std hgy_std   rch_std df  logLik  AICc  delta weight
6  0.4985 0.03640              0.2112            6  43.235 -74.0   0.00  0.370
8  0.4982 0.04308   -0.011830  0.2100            7  43.499 -72.3   1.65  0.162
5  0.4969                      0.2353            5  41.249 -72.1   1.82  0.149
14 0.4986 0.03585              0.2139 -0.006044  7  43.293 -71.9   2.06  0.132
13 0.4971                      0.2389 -0.009099  6  41.379 -70.2   3.71  0.058
16 0.4983 0.04238   -0.011190  0.2118 -0.003813  8  43.522 -70.1   3.81  0.055
7  0.4971            0.003727  0.2343            6  41.281 -70.0   3.91  0.052
15 0.4974            0.004738  0.2379 -0.009815  7  41.430 -68.2   5.79  0.021
12 0.5177 0.15390   -0.034080          0.060870  7   7.243   0.2  74.16  0.000
10 0.5192 0.13750                      0.055660  6   5.865   0.8  74.74  0.000
2  0.5235 0.14540                                5   2.245   5.9  79.83  0.000
4  0.5226 0.15800   -0.024770                    6   2.955   6.6  80.56  0.000
11 0.5253            0.036590          0.070210  6 -16.188  44.9 118.85  0.000
9  0.5244                              0.078770  5 -17.713  45.8 119.74  0.000
3  0.5316            0.049990                    5 -20.527  51.4 125.37  0.000
1  0.5314                                        4 -23.340  54.9 128.87  0.000
Models ranked by AICc(x) 
Random terms (all models): 
‘1 | site’, ‘1 | site:plot_id’

